57
57
58
60
61
62
64
66
69
72
74
76
74
75
75
73
73
74
73
70
67
66
64
62
61
62
61
59
61
68
69
69
68
66
64
63
66
69
76
74
71
70
71
69
66
65
64
62
62
61
60
58
58
58
60
61
61
61
62
65
64
66
67
65
65
65
68
73
71
70
73
76
73
70
68
66
64
63
62
70
72
70
70
69
69
69
68
68
68
67
67
64
64
64
64
65
65
66
66
65
66
68
67
67
66
67
68
66
67
66
65
65
64
65
64
64
65
64
64
64
64
64
64
64
65
63
64
66
67
69
67
67
67
65
66
65
65
65
63
63
61
61
60
60
60
60
59
59
58
59
61
61
62
60
59
59
59
60
60
61
60
59
60
61
64
70
68
69
68
66
64
63
63
70
72
72
70
69
66
65
72
82
106
137
168
177
217
286
270
350
322
449
490
420
381
337
298
272
250
245
248
250
277
330
420
481
589
776
872
973
972
967
965
963
973
968
967
973
966
969
975
974
974
973
973
972
973
973
973
973
972
974
972
942
874
821
756
699
630
571
507
449
389
339
307
287
283
284
301
321
327
342
360
379
398
411
428
443
453
465
476
483
495
502
504
508
507
508
505
508
511
506
501
494
493
487
480
472
467
459
451
442
437
432
425
417
411
402
398
393
386
382
375
370
362
358
350
346
340
333
327
321
316
312
307
302
296
288
284
276
270
264
258
253
249
244
241
237
233
229
225
221
217
212
208
204
199
198
194
190
187
184
181
180
178
176
172
169
165
161
159
155
154
154
150
147
144
143
141
138
136
134
130
128
124
122
119
116
115
112
111
110
106
104
103
101
101
99
99
98
98
98
96
93
92
90
92
90
93
89
85
87
84
82
82
82
83
83
83
83
85
85
87
85
85
86
86
86
84
82
83
81
81
81
81
82
82
81
80
78
79
79
80
81
81
80
79
77
76
73
72
72
70
71
70
70
69
68
68
66
65
65
63
63
62
62
63
63
64
63
62
62
62
62
63
63
64
63
63
64
63
63
64
64
63
63
64
63
62
62
61
61
63
63
62
62
61
61
59
59
58
57
58
57
57
58
58
59
59
58
58
57
57
57
58
60
61
62
63
64
65
66
67
68
66
67
68
67
67
65
64
64
63
63
63
62
63
61
61
61
60
61
59
60
60
59
60
60
61
62
62
63
62
61
61
60
59
59
58
59
60
59
61
60
60
60
59
60
59
60
61
62
64
64
66
67
68
69
70
69
71
69
70
71
70
71
69
68
69
70
70
69
67
67
66
64
64
63
63
63
64
66
66
67
68
69
70
69
69
68
66
66
64
64
64
63
65
65
66
67
67
67
66
65
66
66
65
65
64
63
64
64
63
61
60
60
59
60
60
61
62
62
63
63
63
65
65
65
65
63
63
62
62
60
60
60
59
58
57
56
56
56
55
57
56
56
56
55
57
56
57
57
57
58
57
58
60
60
60
60
60
61
60
59
60
59
60
59
59
60
59
59
58
58
59
58
58
58
57
56
56
55
56
55
55
54
54
55
55
55
55
55
55
55
54
56
55
56
56
55
56
56
56
57
58
61
61
62
62
61
61
60
60
61
60
61
61
62
63
62
64
64
63
63
61
61
61
59
59
58
58
58
57
57
58
57
58
57
57
56
56
55
55
54
57
56
56
57
57
59
59
60
61
60
61
61
61
63
62
62
61
60
60
59
58
59
59
59
58
57
58
56
56
55
55
55
54
55
57
56
59
59
60
61
59
60
59
58
59
59
59
60
62
63
63
63
63
63
63
62
61
62
60
58
59
57
59
58
59
59
59
59
57
57
57
56
57
57
56
56
55
55
54
54
55
54
55
55
55
55
55
55
57
57
58
58
58
60
61
61
60
58
59
58
57
58
56
56
56
57
59
58
59
60
60
61
61
61
60
60
60
60
59
59
58
58
60
60
60
59
58
59
57
56
57
57
58
58
59
58
58
57
56
56
57
57
57
58
56
57
56
56
56
56
57
56
56
56
55
56
55
55
55
55
56
56
57
57
56
56
57
56
57
57
58
59
59
58
60
59
60
59
58
58
56
57
57
56
57
59
59
60
60
62
63
63
64
64
66
66
66
67
66
65
65
64
65
64
63
63
62
63
62
62
62
61
63
62
60
59
59
58
58
57
58
59
58
59
59
60
60
58
58
57
57
58
58
57
57
56
57
56
56
56
56
55
55
54
54
55
54
52
52
52
53
53
52
52
53
53
53
52
52
52
53
53
53
53
53
52
52
53
52
53
52
52
53
52
53
53
52
54
53
52
54
54
55
54
54
53
53
54
54
54
55
54
53
54
53
54
54
55
56
55
55
55
55
55
55
55
57
55
56
55
56
58
59
60
60
60
60
59
58
60
59
59
59
59
59
59
61
61
60
61
61
60
61
59
60
59
58
59
59
59
58
56
57
57
57
56
56
57
56
56
58
58
58
57
57
58
57
57
57
55
56
56
55
56
56
56
55
56
57
56
56
56
56
58
57
57
56
55
54
53
54
54
53
54
54
54
56
56
57
57
56
57
57
56
58
58
57
57
57
57
57
56
56
56
56
56
56
57
56
57
56
56
56
56
56
56
57
56
56
56
56
55
55
54
54
53
53
53
52
52
52
52
51
51
52
52
52
52
54
54
54
54
55
56
56
56
55
54
53
52
52
52
54
54
53
55
55
56
57
57
58
57
56
56
56
56
57
56
56
56
56
56
56
56
55
55
55
56
55
55
54
54
52
53
53
53
53
54
54
54
55
54
54
53
53
54
54
54
53
53
53
53
54
56
56
56
58
58
60
60
61
61
60
61
59
60
62
63
63
63
64
65
65
64
65
63
63
62
62
63
63
64
64
63
64
63
63
62
60
61
60
60
60
60
60
60
59
61
60
60
60
60
62
63
64
64
64
64
65
64
65
65
64
64
64
67
66
68
69
71
69
67
64
68
66
66
66
65
65
64
63
63
64
64
64
66
63
66
68
66
64
64
63
62
63
63
65
65
67
67
75
74
74
83
80
79
101
95
103
99
131
166
324
333
367
420
401
383
404
380
386
554
580
662
705
719
885
914
977
977
977
977
977
977
977
976
977
977
977
977
977
978
978
978
978
978
979
978
978
977
978
978
978
950
865
790
711
624
543
497
470
464
472
493
521
551
575
597
621
642
654
663
673
685
690
696
700
707
708
703
696
695
693
684
673
666
655
650
636
628
620
608
596
586
571
560
548
537
530
514
502
491
479
470
459
449
437
424
415
404
393
385
374
363
354
344
335
327
321
314
307
299
292
286
278
270
263
256
250
243
235
228
222
216
210
204
200
196
191
187
181
176
173
170
165
162
157
151
147
144
142
140
138
137
136
136
136
133
134
133
134
131
130
129
129
127
126
124
123
121
119
118
116
114
113
111
109
107
105
103
101
99
98
96
97
95
95
94
91
90
88
87
87
86
85
84
82
81
79
78
77
76
76
77
77
77
74
72
70
69
69
68
67
67
65
67
66
64
62
62
63
63
62
63
62
63
62
61
61
59
59
59
61
62
63
63
63
62
61
61
60
61
61
62
62
61
62
63
64
64
63
64
64
63
63
62
62
62
61
62
61
60
60
58
59
59
58
59
58
57
57
57
56
56
56
56
56
56
57
59
60
59
58
58
57
58
57
58
58
57
57
57
57
58
58
58
58
57
60
60
60
61
61
61
61
62
64
64
67
67
67
68
68
68
67
65
65
65
64
64
63
66
66
67
68
67
67
67
65
66
64
62
61
60
60
59
58
58
57
57
56
56
56
55
55
56
56
57
57
58
59
58
58
59
58
59
58
57
57
57
57
56
56
56
56
57
57
55
55
56
56
57
57
58
57
56
56
57
58
57
57
58
56
57
57
56
58
58
57
57
56
56
55
55
55
54
55
55
54
54
54
54
53
53
53
53
54
55
56
56
56
55
56
56
57
57
56
57
55
55
55
55
56
56
56
58
58
58
59
58
60
60
60
60
59
59
58
57
56
56
57
58
57
58
58
58
58
58
58
59
58
59
58
58
57
56
57
57
57
56
56
56
56
55
56
55
55
55
55
56
56
57
58
56
56
57
56
56
55
55
55
55
56
55
54
54
54
55
54
54
53
53
54
55
54
55
57
58
59
58
59
59
59
59
58
57
58
56
57
56
56
57
56
56
55
55
56
55
55
55
55
56
57
58
59
58
59
59
58
59
59
60
58
57
56
56
55
55
55
56
55
55
56
55
57
56
57
57
56
55
56
55
55
54
54
54
54
54
53
52
52
52
53
53
53
54
53
53
54
54
56
56
56
56
57
57
58
57
57
58
58
59
58
59
58
57
57
56
57
56
56
57
57
57
57
57
58
57
57
56
55
56
55
54
55
55
55
55
55
56
56
56
56
55
56
54
54
55
55
55
55
55
55
54
53
54
54
55
55
55
55
55
55
56
55
55
54
54
54
54
55
54
54
54
53
53
54
54
55
54
55
57
57
58
58
58
59
60
62
63
61
62
60
61
61
60
60
59
59
60
58
59
58
57
56
56
56
57
58
57
56
56
57
56
56
56
56
56
56
55
56
55
55
54
55
55
54
54
53
53
52
52
53
53
53
53
53
54
53
53
53
54
54
53
53
54
55
55
57
57
57
58
56
57
56
55
55
54
54
54
54
54
54
55
54
54
54
53
52
53
53
53
53
54
54
54
55
54
55
54
53
55
53
53
53
53
53
54
53
54
54
55
54
53
54
54
53
54
54
55
54
54
54
54
54
53
53
54
54
54
56
56
56
57
58
60
60
59
60
60
60
60
59
58
57
56
56
56
56
55
54
55
54
55
55
54
54
54
54
54
53
53
52
52
52
53
53
53
54
54
55
55
56
56
58
57
58
59
59
58
58
57
58
58
58
58
57
57
56
56
55
55
54
54
54
54
54
55
54
54
52
53
53
53
52
54
52
54
55
57
56
56
56
56
55
56
55
55
58
60
61
63
62
62
62
60
61
60
60
61
61
60
58
58
59
57
57
56
56
58
57
58
59
58
59
59
58
58
58
59
59
58
58
57
58
58
56
56
56
56
56
56
55
55
55
55
55
54
55
54
54
55
55
56
56
57
58
57
59
59
58
59
57
57
57
57
57
55
56
56
56
55
55
55
56
56
57
56
56
58
60
61
62
62
63
62
62
62
62
62
62
63
63
62
63
63
63
63
63
63
63
63
63
63
63
62
62
61
61
61
60
60
59
59
58
59
58
60
61
62
63
62
62
62
62
62
63
64
65
64
63
62
60
61
60
61
61
61
60
58
58
58
58
58
57
56
56
55
55
55
55
54
54
55
55
54
54
54
54
54
54
53
54
53
53
53
53
54
54
56
56
56
58
57
58
58
57
57
57
57
57
56
57
57
56
57
56
56
57
56
56
56
57
57
56
58
58
57
58
57
57
57
56
56
56
56
55
55
55
55
55
55
55
57
58
58
58
57
57
58
58
57
57
56
57
56
56
56
56
57
56
56
56
56
56
56
57
58
58
59
58
57
58
58
58
58
57
58
57
57
56
56
55
55
55
57
56
57
57
56
56
55
55
54
54
54
54
55
55
54
55
54
54
54
54
55
53
53
53
53
53
53
53
54
54
53
54
54
54
54
53
55
55
55
55
55
55
56
55
56
55
55
56
55
55
55
55
55
54
54
53
54
55
54
54
56
56
56
57
60
72
72
92
98
96
101
100
96
105
114
125
150
153
164
172
169
172
187
213
203
217
253
253
228
233
236
233
232
269
284
345
409
501
557
563
648
778
875
847
978
893
904
978
978
978
978
978
977
978
978
978
978
978
977
978
978
977
978
978
960
896
848
785
724
663
603
539
474
411
365
341
331
327
335
352
366
383
392
407
424
438
451
462
471
476
485
485
487
485
484
485
485
482
477
471
465
458
454
449
446
435
432
422
415
406
399
390
379
369
357
348
335
329
317
307
300
292
285
279
272
267
262
254
248
242
236
231
225
222
216
210
205
202
199
194
192
189
186
183
181
179
177
174
170
167
164
160
157
155
152
146
143
138
135
134
132
130
128
126
127
127
126
126
126
125
123
121
120
118
118
118
117
117
115
114
114
112
111
109
107
105
102
101
100
98
96
95
91
88
85
83
82
80
80
79
77
77
75
75
72
72
73
72
74
75
74
74
73
72
71
69
70
68
67
68
67
68
68
69
69
69
69
70
69
68
68
68
68
67
67
66
66
67
66
65
65
64
64
63
63
62
62
63
62
60
60
59
59
59
58
58
57
57
57
57
57
57
57
58
57
58
59
60
62
63
63
62
60
60
61
62
62
63
65
65
65
68
68
68
70
68
68
67
66
67
66
66
66
65
65
65
64
64
63
65
64
64
65
64
65
64
64
65
65
66
66
67
68
67
66
65
64
65
64
62
63
61
61
60
59
59
58
59
58
57
56
57
57
56
56
56
55
55
57
58
59
59
59
60
60
60
60
60
60
60
59
59
58
57
56
56
56
55
55
55
54
55
54
54
54
54
54
54
53
55
54
54
54
54
56
55
54
55
54
56
55
54
55
54
55
54
54
55
54
54
54
55
55
56
57
57
57
57
58
56
56
56
56
56
56
55
55
55
55
55
55
56
56
59
59
61
62
62
62
63
62
62
61
62
62
62
64
63
63
62
60
59
59
59
59
58
59
59
59
59
58
58
59
58
59
59
59
59
58
57
57
56
55
55
54
54
53
53
53
53
53
53
53
53
53
52
53
52
53
53
54
54
54
53
53
53
53
54
55
54
56
56
57
59
60
62
62
61
64
64
63
63
63
63
63
63
64
63
63
63
61
62
62
61
61
61
62
62
61
62
63
63
64
64
64
63
61
62
61
60
60
60
61
61
60
62
62
63
63
64
66
65
66
67
65
66
65
65
64
65
66
66
66
66
66
67
65
67
67
65
70
73
71
69
69
70
77
91
86
85
99
114
167
166
188
223
202
204
205
209
236
225
217
220
267
301
314
373
381
425
495
529
590
746
838
960
977
977
977
977
977
977
977
977
977
976
977
977
976
977
977
978
977
974
916
859
793
726
659
589
512
442
396
370
359
351
357
366
383
399
414
435
451
465
475
483
490
497
503
508
509
513
514
513
514
513
510
506
500
492
488
478
474
469
461
454
448
438
428
419
411
404
396
388
377
371
363
356
346
338
331
325
316
310
302
297
288
280
275
271
266
260
253
247
242
236
233
228
223
219
214
211
206
201
199
194
192
186
183
177
171
168
164
160
158
155
152
150
147
144
140
135
133
129
128
125
122
121
120
120
120
118
118
119
118
119
119
117
114
111
107
102
101
101
99
99
97
94
94
94
94
94
91
91
90
90
91
90
91
90
88
87
86
87
86
85
86
84
82
81
77
76
73
72
71
69
69
68
66
67
65
64
63
61
62
62
62
64
63
63
62
60
61
60
60
61
62
64
65
66
69
69
70
69
68
69
69
70
69
67
67
66
66
66
64
64
63
62
62
61
60
61
60
60
61
62
63
62
63
63
62
62
60
61
60
58
59
58
59
59
59
59
59
59
58
57
57
57
56
57
57
58
59
57
57
57
57
56
56
55
55
55
54
54
55
55
55
55
55
54
54
54
54
54
53
53
53
53
53
53
53
53
54
55
54
54
53
53
53
53
52
52
52
53
52
53
52
53
53
53
53
53
54
53
53
53
54
52
53
53
53
53
53
53
52
53
53
53
53
53
53
53
53
54
53
53
53
53
53
53
53
53
54
52
54
54
54
54
54
54
54
54
55
54
54
53
54
54
54
54
55
54
55
54
54
55
53
54
54
53
53
52
52
53
52
53
54
54
56
55
56
57
55
56
55
54
54
54
55
55
54
54
54
54
54
55
54
54
54
53
53
54
54
53
53
54
54
53
53
53
53
54
54
54
54
54
54
54
53
54
54
54
54
54
54
55
54
55
55
54
54
55
55
55
55
54
54
53
53
54
54
54
53
54
53
53
53
53
53
55
56
56
55
55
54
54
54
54
54
54
54
53
53
53
53
52
54
54
53
53
54
52
54
53
53
53
53
54
53
53
53
53
54
54
55
55
54
55
54
54
54
54
54
54
54
55
56
56
56
55
55
54
55
55
55
55
55
55
55
54
54
54
54
54
54
54
53
53
53
53
53
53
52
54
54
55
56
55
56
56
55
56
56
57
58
57
58
58
58
58
58
59
58
57
56
56
56
56
55
55
54
54
54
54
54
54
54
54
53
54
53
53
53
53
53
53
53
52
53
53
52
53
53
54
53
54
53
54
55
55
56
55
55
56
57
57
56
56
57
57
57
58
59
60
59
59
58
58
58
57
56
56
56
56
56
56
56
55
55
55
53
54
53
53
54
53
54
54
54
54
54
54
53
53
53
53
53
53
53
53
52
52
53
53
53
53
54
53
52
52
52
53
52
52
52
54
54
54
55
54
54
55
56
56
56
57
57
56
56
55
54
54
54
53
53
53
54
54
55
55
56
57
58
61
62
60
59
58
58
57
56
57
57
56
59
59
59
59
59
61
61
61
62
62
60
59
58
58
57
57
56
55
55
54
54
55
55
56
57
56
57
57
57
56
56
57
56
56
56
55
55
54
55
54
54
53
53
53
53
54
53
54
54
54
54
54
55
54
55
55
54
56
56
56
57
56
57
56
56
57
56
57
57
58
60
59
60
58
58
59
58
59
60
60
64
62
71
103
95
88
83
80
81
79
78
80
80
78
79
76
79
80
82
84
83
92
87
81
77
74
81
97
102
103
103
129
207
241
295
271
277
284
270
259
281
317
326
357
377
402
499
478
475
528
532
544
740
802
867
941
975
975
975
975
975
975
975
975
975
975
975
975
975
947
906
862
817
772
730
679
629
579
525
470
415
360
318
290
277
270
275
283
299
315
328
344
359
377
393
401
409
417
423
428
432
435
440
439
438
440
435
438
433
426
419
410
400
394
385
381
375
366
362
349
343
334
329
323
321
313
306
300
298
292
287
280
272
269
264
259
255
248
244
240
235
232
228
224
221
218
214
211
206
201
196
192
189
183
182
178
176
175
171
168
165
159
158
152
150
147
143
144
141
139
138
133
133
130
127
127
124
123
122
119
118
115
113
114
112
111
111
109
110
108
105
105
102
101
96
95
93
89
89
88
86
86
85
85
84
81
81
80
79
80
80
79
79
79
82
81
82
83
82
84
83
82
82
79
78
79
78
79
76
74
74
74
75
75
76
77
78
79
78
76
77
76
76
78
78
79
78
78
79
78
77
77
75
76
74
72
71
69
70
67
67
67
67
67
66
65
65
63
64
65
64
64
65
65
64
64
63
61
60
60
58
59
59
57
59
59
59
59
57
59
57
57
58
57
59
59
59
60
59
59
59
57
59
58
58
57
56
56
56
56
58
56
57
56
56
56
55
55
55
55
55
54
55
55
54
55
54
54
55
54
54
54
53
54
54
54
54
53
54
54
54
54
53
53
53
53
55
55
55
55
54
54
54
53
54
53
53
54
53
53
53
54
54
54
54
53
54
54
54
54
54
55
57
57
59
60
60
62
61
60
61
61
61
63
62
63
61
60
59
58
58
57
57
57
56
56
55
55
55
55
55
56
55
57
56
57
60
59
60
60
60
59
60
60
60
60
61
60
60
58
56
56
56
56
55
54
55
54
54
54
54
54
54
53
55
54
55
54
54
55
55
54
54
53
53
53
52
52
52
53
53
53
54
54
54
55
54
54
53
53
53
53
53
53
53
53
54
54
55
55
56
56
55
54
55
54
54
53
53
53
53
53
53
53
53
52
53
53
53
53
53
53
54
54
54
54
55
54
54
54
54
55
55
54
54
54
53
54
54
55
54
54
54
53
53
53
53
53
53
54
54
54
55
55
56
57
56
56
55
55
56
56
56
56
56
56
56
54
55
55
55
55
55
56
57
57
58
58
56
56
56
56
55
55
55
55
55
54
54
54
53
55
56
55
55
54
54
54
54
53
53
54
54
53
54
53
54
55
53
54
54
55
55
54
54
55
54
54
53
53
54
52
54
53
53
55
55
56
55
54
54
54
55
56
56
57
56
56
56
55
55
55
55
54
54
54
53
53
54
53
53
52
52
54
54
54
54
54
55
55
55
56
55
55
55
53
55
55
56
57
56
55
56
55
55
55
55
55
54
55
54
54
54
54
55
56
55
56
55
55
55
54
55
55
55
55
54
54
54
54
54
54
53
54
53
54
54
54
54
54
54
54
53
53
53
53
53
53
53
54
55
54
54
54
54
54
54
54
53
54
54
53
54
53
53
53
53
54
54
54
55
54
55
55
54
54
54
54
54
55
55
55
54
54
54
54
53
54
53
53
53
53
53
53
53
53
53
53
52
53
52
53
53
53
53
52
52
53
53
52
53
53
53
53
54
53
53
53
53
54
54
53
53
53
54
54
53
54
53
54
56
56
56
56
56
57
56
56
56
56
54
55
54
54
55
56
55
55
56
56
56
56
55
55
55
54
53
54
54
54
53
53
53
55
54
56
55
55
63
66
66
70
71
85
79
89
86
87
91
102
114
128
143
161
169
232
250
229
229
225
230
259
320
340
454
533
546
671
662
692
753
815
867
903
942
969
976
975
977
978
978
978
978
978
978
978
978
978
978
978
978
978
978
978
978
963
898
839
775
710
650
585
518
450
388
349
322
309
310
317
333
349
366
388
405
425
446
463
480
496
507
518
525
537
542
547
549
554
555
560
556
557
559
559
560
555
554
546
538
533
522
514
507
495
487
476
465
460
448
439
430
419
410
401
394
385
374
371
362
354
350
342
335
328
319
312
305
299
294
284
281
274
267
261
256
253
248
241
237
232
225
222
218
214
213
209
207
200
194
190
185
184
180
175
173
169
167
164
159
157
154
149
147
143
140
137
134
131
127
125
122
118
118
115
114
112
108
107
105
104
105
104
106
105
102
103
103
104
103
102
101
100
99
99
99
100
100
95
96
94
93
93
91
91
92
91
90
89
87
86
84
84
82
80
80
78
78
76
75
77
73
72
72
73
76
75
75
77
80
79
79
79
81
81
81
81
80
80
77
77
79
77
77
75
73
73
71
71
72
70
69
66
65
65
66
66
66
68
69
67
68
69
68
68
66
67
66
64
63
63
62
60
59
59
58
57
59
58
58
57
57
57
56
56
56
54
54
55
55
55
54
55
55
54
54
55
54
53
53
53
54
54
54
53
54
54
54
56
55
57
55
55
55
54
53
55
55
56
56
56
57
56
55
55
54
55
55
55
56
56
57
56
55
56
55
55
55
56
57
57
57
59
59
60
60
59
60
60
60
59
58
58
57
57
56
55
55
54
55
55
54
54
54
54
54
53
54
53
53
53
53
53
53
52
53
53
52
53
54
55
55
54
54
54
54
55
55
56
55
55
56
57
59
59
60
62
61
61
61
60
63
63
61
62
61
60
59
59
59
57
56
55
55
55
55
54
54
53
54
54
54
54
53
54
54
54
53
53
53
54
54
54
53
53
53
53
54
54
54
54
54
54
54
53
54
53
53
53
53
54
53
53
53
54
54
54
55
55
54
55
54
55
55
54
54
54
54
54
54
55
54
53
53
53
53
54
53
53
53
53
53
53
53
53
53
53
53
52
52
52
52
53
53
54
54
53
53
54
54
53
52
52
52
53
53
53
52
52
52
53
52
53
53
53
53
53
53
53
53
54
53
52
54
53
53
54
54
53
53
53
53
53
53
53
52
53
53
53
53
53
53
53
53
52
53
54
54
54
54
54
53
54
54
53
54
54
53
53
53
54
54
54
55
55
57
57
57
57
57
56
56
56
55
55
55
54
54
53
54
54
55
55
54
55
55
54
55
54
56
55
55
55
54
55
54
54
53
53
52
54
54
54
54
53
54
54
54
54
54
54
54
55
55
54
54
54
54
54
53
53
54
54
53
53
53
54
53
53
53
53
53
53
54
54
54
53
53
54
54
53
53
53
53
52
52
52
52
53
52
52
52
53
54
53
53
54
55
55
55
54
54
54
53
54
54
54
54
54
54
54
54
54
54
54
54
54
53
54
54
53
54
53
54
53
53
54
53
53
54
53
54
54
53
53
53
54
54
56
57
55
55
55
55
55
54
55
54
54
54
54
54
55
56
57
56
57
56
56
57
57
59
59
59
59
58
57
56
56
57
57
58
58
57
58
58
59
60
59
60
58
57
57
56
56
55
55
54
55
55
57
56
57
57
56
56
56
55
55
55
54
55
55
54
55
54
54
54
53
55
53
55
54
53
52
53
53
52
53
56
58
58
58
58
64
65
65
95
119
115
123
127
132
129
123
127
151
147
165
165
166
173
206
263
248
251
236
236
264
313
369
371
431
466
503
525
555
585
624
656
672
684
691
688
694
688
681
665
647
624
606
583
553
522
494
460
424
388
350
311
274
239
212
192
184
179
177
181
186
190
206
207
211
214
214
218
221
223
225
226
226
226
227
228
226
225
226
224
225
221
219
215
210
208
208
204
204
200
194
194
186
185
181
176
174
169
164
162
157
155
152
148
143
137
134
132
130
129
125
124
121
117
116
115
112
111
107
104
101
97
96
91
88
86
82
80
78
76
77
74
75
74
73
73
72
73
73
72
73
72
72
73
72
74
73
72
73
72
72
72
71
71
72
73
74
72
73
73
73
73
70
69
67
66
66
65
66
65
64
65
64
63
61
60
60
62
61
62
60
62
62
61
63
62
62
63
60
60
59
58
58
58
59
59
59
59
58
58
57
56
57
56
57
58
57
57
57
57
57
56
56
58
59
61
62
62
63
63
63
63
62
63
61
60
58
57
57
57
57
55
55
56
55
54
54
54
53
55
53
54
54
54
54
54
55
55
54
54
54
54
53
53
55
54
55
54
54
55
54
54
53
54
54
53
53
53
53
53
54
53
53
53
53
54
52
54
54
54
54
54
55
55
54
55
55
54
54
54
54
54
54
54
53
53
54
53
53
53
53
53
53
54
54
54
54
53
54
54
53
54
53
53
53
54
54
55
55
54
53
53
54
56
56
56
56
56
55
55
54
54
54
53
53
53
52
53
52
53
54
53
53
52
52
52
52
54
53
53
54
53
53
53
52
53
53
53
53
52
53
52
53
53
53
53
53
52
52
52
53
54
54
55
55
55
55
55
55
56
56
56
56
56
55
55
54
53
54
53
53
53
53
53
53
53
54
54
54
55
54
55
56
55
56
56
55
57
56
55
55
55
55
55
55
55
54
55
55
55
55
55
55
54
55
55
54
54
54
54
54
53
53
53
53
53
53
53
53
52
53
53
52
53
52
52
52
53
53
53
53
54
53
54
54
54
55
56
55
56
55
57
57
60
60
60
59
57
56
56
63
66
95
93
134
130
120
112
103
116
114
116
122
128
133
149
143
142
143
142
141
140
140
136
132
127
122
117
111
105
100
96
90
86
81
77
73
69
67
64
62
62
62
60
60
60
61
61
60
60
60
61
62
62
63
64
66
64
64
75
105
109
124
265
263
377
360
441
433
408
393
488
608
729
817
947
979
979
979
978
977
978
977
978
976
964
955
955
942
953
952
950
951
951
952
956
954
957
958
959
958
962
966
967
968
967
966
965
965
963
966
964
962
919
820
720
628
543
484
449
430
431
443
461
485
510
541
575
604
634
660
684
710
734
747
760
773
784
793
800
809
810
812
812
806
805
798
790
781
772
762
752
744
735
718
712
697
684
677
660
648
638
622
615
600
589
577
562
553
542
530
520
510
504
495
480
471
464
456
447
435
428
421
412
405
397
393
387
378
374
367
362
354
346
342
337
328
321
313
306
301
293
289
285
280
274
268
263
257
251
246
240
233
228
223
218
215
210
206
201
197
192
187
185
182
179
178
174
173
171
170
170
168
167
166
163
162
159
157
155
153
152
150
146
145
142
142
142
138
138
137
134
132
129
126
126
122
119
116
114
113
110
107
106
104
102
101
99
98
97
98
97
97
98
95
95
93
91
90
89
87
86
84
83
82
83
84
84
84
82
82
83
81
83
85
86
86
83
82
84
83
85
83
83
85
84
85
86
85
87
85
83
83
80
80
79
79
80
77
78
77
75
73
73
74
74
73
72
72
72
71
69
69
68
66
67
65
65
65
63
64
65
66
67
67
68
67
66
67
66
67
67
66
67
66
66
67
66
66
66
67
68
66
66
66
64
64
62
63
63
62
63
62
61
62
62
62
63
63
62
62
62
64
64
63
62
62
64
63
64
65
65
65
65
65
66
65
64
64
64
64
64
66
67
67
67
67
66
66
65
65
65
65
66
67
68
69
69
70
68
67
66
64
64
63
61
60
59
60
60
60
60
58
59
59
57
56
55
55
56
57
57
57
56
57
57
57
57
57
58
57
57
56
55
55
56
55
56
55
55
53
54
53
53
54
53
53
53
52
52
53
52
53
53
53
53
52
53
53
54
53
52
53
53
52
52
51
52
51
51
52
52
51
52
52
52
53
52
53
53
53
54
54
56
57
57
58
59
59
61
59
60
61
62
63
63
65
64
63
65
64
67
68
66
68
69
69
69
69
69
69
69
69
68
68
69
67
67
66
65
66
65
66
64
63
61
60
58
58
57
57
55
55
54
54
54
54
53
54
53
53
54
53
54
54
54
54
53
54
55
55
55
55
54
53
54
55
53
54
53
53
54
53
53
53
53
54
54
53
53
53
53
54
53
53
53
53
53
53
53
53
53
52
52
52
52
52
52
52
52
53
53
53
52
52
52
52
52
52
52
52
52
52
52
53
53
53
53
53
52
53
52
52
53
53
54
54
53
53
52
52
52
52
52
51
52
52
53
55
54
54
53
53
53
53
52
53
52
52
52
52
52
52
52
52
53
53
53
52
54
53
53
55
55
56
56
56
57
56
56
58
58
59
58
58
59
58
59
61
60
63
61
62
62
60
59
59
58
57
57
56
55
54
55
55
55
54
52
52
53
52
53
53
54
53
53
55
55
56
56
55
56
56
55
58
59
61
63
63
64
62
61
62
60
61
63
70
74
80
86
87
97
113
117
142
162
176
193
249
263
252
234
285
354
472
529
626
700
836
936
966
967
966
967
967
967
967
966
967
967
967
966
967
967
967
966
967
966
966
967
966
967
967
966
967
966
966
966
966
966
895
793
693
600
519
456
411
385
370
365
367
376
388
404
429
448
468
492
506
524
543
566
580
587
597
611
616
629
633
639
639
643
647
651
653
656
654
655
651
642
638
633
632
627
616
610
601
591
587
577
569
567
556
553
544
538
533
525
521
513
504
497
490
483
476
467
462
454
444
436
429
422
416
405
398
393
387
383
374
370
364
359
355
347
343
336
327
323
318
314
311
305
301
298
293
290
285
282
280
274
269
265
260
257
255
252
250
245
241
238
233
231
228
226
224
223
221
217
214
213
208
207
205
203
200
196
192
189
187
184
181
177
176
173
170
169
167
166
164
162
161
160
160
160
158
158
157
153
152
149
147
145
143
142
141
140
139
138
137
133
131
130
128
127
127
125
125
123
122
122
119
117
116
115
114
113
112
110
108
108
107
106
106
105
104
102
102
102
102
100
98
97
96
95
95
96
95
95
94
93
93
93
95
94
94
97
96
96
96
95
93
90
89
89
89
88
90
93
94
93
92
93
92
92
92
91
91
90
89
88
86
85
83
82
82
80
81
80
83
84
85
86
84
83
84
83
82
82
82
83
81
81
82
80
79
77
76
75
74
74
72
72
72
72
72
72
72
71
71
71
73
72
72
72
72
73
72
71
72
73
74
74
74
74
71
69
67
64
63
62
61
61
60
59
58
56
58
57
57
56
56
56
56
58
59
58
59
58
57
58
57
58
58
59
59
59
59
59
59
61
60
59
60
62
63
64
65
67
70
73
71
68
66
64
65
64
63
64
64
65
65
63
65
66
64
64
63
62
61
60
60
61
60
61
61
59
59
63
62
62
61
59
59
59
58
58
58
59
64
64
63
64
63
63
65
65
67
70
69
68
66
67
67
67
70
70
71
70
69
71
70
69
68
69
72
73
73
72
70
70
68
65
64
63
63
62
64
65
64
64
65
63
64
65
66
67
67
65
64
66
68
67
68
69
67
68
65
64
63
62
62
62
60
59
59
60
61
61
62
63
64
66
67
67
68
67
67
69
69
69
68
69
67
67
67
67
68
68
67
66
65
64
62
61
60
60
59
58
57
58
58
58
58
57
58
58
57
57
56
55
55
55
55
55
56
57
56
56
56
56
57
57
58
58
58
57
56
57
57
56
55
54
54
53
54
55
56
55
54
54
53
53
53
53
52
53
52
52
52
51
52
52
52
52
51
51
51
51
52
53
54
54
53
52
53
52
52
54
54
55
55
56
57
57
57
57
56
58
58
60
62
63
64
64
64
65
63
64
62
60
59
58
58
58
64
65
66
64
62
61
59
60
59
61
60
61
59
58
59
59
58
60
65
63
67
69
66
63
60
60
58
58
59
58
56
57
56
55
55
55
55
54
54
53
53
54
53
54
55
55
57
57
55
57
57
57
56
57
57
57
55
55
56
56
57
56
56
55
55
55
55
57
57
55
55
55
56
58
57
56
55
54
55
54
54
55
55
56
56
56
57
58
57
57
56
57
57
56
56
56
55
54
55
56
55
55
56
55
56
55
55
54
54
53
53
53
53
52
52
53
54
53
54
54
54
54
55
56
55
54
55
54
55
56
56
61
73
74
74
77
72
71
69
66
65
63
62
61
62
61
61
62
64
62
61
61
62
61
62
62
62
60
59
60
61
61
60
61
62
62
62
61
62
64
63
63
62
61
61
61
64
66
63
62
62
61
62
62
62
64
65
72
69
67
65
68
71
68
66
64
62
61
62
61
63
63
62
64
67
70
68
65
65
66
66
64
62
61
62
62
63
63
61
64
62
60
58
58
60
59
59
58
60
60
59
57
58
59
60
59
58
60
59
58
57
57
59
60
62
61
60
60
59
58
58
58
57
56
58
57
57
57
59
58
59
59
62
60
58
58
59
59
61
59
57
57
58
58
57
58
59
60
59
60
60
60
59
59
57
57
57
57
55
57
57
60
59
61
61
61
61
62
61
62
63
63
63
62
60
58
59
59
62
62
61
62
63
63
61
61
61
60
61
60
59
59
59
63
62
61
61
59
60
58
59
58
57
57
56
57
58
57
57
60
60
59
58
59
58
57
58
60
61
61
62
63
67
73
69
67
66
65
70
68
77
79
80
118
115
230
241
255
254
552
540
516
548
577
713
862
964
964
964
964
964
965
965
964
965
965
964
965
964
965
965
965
964
964
964
964
964
965
964
964
964
964
964
964
965
964
964
905
831
757
686
606
525
462
421
405
402
410
425
446
467
492
517
543
563
584
605
619
638
649
662
674
679
687
694
694
700
697
699
695
689
688
681
675
673
664
656
649
638
628
618
608
595
584
572
560
547
539
528
522
508
498
487
476
468
457
444
435
427
416
409
400
392
381
372
366
357
350
343
338
332
326
320
314
309
302
296
291
289
285
277
273
267
264
258
250
243
240
234
228
229
223
220
212
208
206
199
200
199
191
188
190
183
185
177
176
175
170
168
171
163
166
162
164
159
150
151
143
140
141
136
137
136
145
137
131
130
128
127
128
130
131
133
130
136
131
124
129
126
122
125
117
118
114
110
110
107
101
96
95
94
96
93
95
89
87
85
80
80
80
79
78
75
73
71
69
67
65
67
68
68
66
64
63
62
64
66
67
69
70
70
72
72
78
76
79
82
85
83
88
89
88
89
90
90
93
93
94
97
94
95
96
93
100
100
100
99
97
99
96
95
98
95
92
91
90
91
87
84
80
77
74
71
70
68
66
66
66
64
64
62
62
60
59
58
57
56
55
55
55
56
56
56
57
57
58
60
62
64
65
67
70
70
72
73
81
90
86
87
86
86
88
86
86
88
91
91
92
93
95
96
99
104
103
101
103
102
102
101
102
103
105
103
104
103
104
104
103
104
104
103
111
107
101
98
95
93
91
88
87
88
88
86
87
88
88
85
89
84
85
90
130
152
170
154
142
128
119
123
126
125
134
124
123
116
109
108
138
148
143
139
127
115
107
104
126
125
129
129
128
122
115
109
105
116
123
125
124
120
116
118
117
116
116
115
114
119
127
129
119
108
105
107
114
111
117
117
121
124
118
112
112
110
112
110
110
110
110
113
108
107
109
108
104
97
98
101
98
107
119
118
123
122
115
105
99
102
109
133
127
117
110
100
112
115
111
110
112
111
111
111
111
111
109
107
101
99
102
103
102
99
102
119
110
112
118
121
114
116
113
105
98
105
110
104
102
105
102
102
112
114
109
106
108
104
102
123
128
128
125
125
139
130
123
128
137
124
113
110
113
111
108
105
97
89
95
106
113
112
126
126
116
108
101
98
99
104
107
116
122
122
114
105
121
122
123
128
122
117
125
125
125
125
119
117
118
120
118
113
105
97
92
94
105
110
123
116
129
122
124
120
112
123
127
127
125
126
122
125
143
147
146
142
134
129
121
119
114
130
128
123
113
115
119
114
115
115
110
107
120
116
108
104
98
112
126
133
132
123
115
123
125
123
119
121
120
110
102
96
97
107
110
117
116
107
99
97
104
103
120
121
117
107
100
99
102
105
108
116
114
109
104
108
102
106
100
100
106
100
98
92
99
93
89
95
99
101
106
110
105
105
105
105
104
123
128
121
120
112
121
121
117
134
123
131
120
134
133
124
115
113
113
122
122
119
119
119
116
111
109
109
118
121
124
119
112
116
114
111
131
135
153
141
134
126
120
126
122
137
144
139
128
121
119
116
112
130
133
129
124
121
118
115
107
107
103
103
102
128
136
134
121
118
113
115
116
112
107
114
116
114
111
106
98
94
100
114
108
115
108
100
98
106
140
134
126
118
109
106
121
126
138
127
119
115
106
100
97
93
93
97
94
88
82
80
77
75
74
73
72
69
67
64
66
74
74
73
69
68
66
66
66
67
68
65
64
62
61
63
65
65
63
64
62
61
60
60
60
61
61
66
67
69
72
71
70
72
72
72
70
73
73
72
73
73
74
73
73
73
70
68
66
65
64
66
66
67
65
66
74
76
75
71
70
68
67
69
67
64
65
68
66
64
65
65
66
66
65
65
65
63
62
64
65
66
66
65
65
63
62
62
60
59
58
57
57
55
55
56
56
55
56
59
60
60
61
66
68
73
83
90
96
100
103
100
95
90
87
84
83
85
82
78
81
80
75
72
68
68
66
66
64
67
81
76
75
79
77
79
79
81
82
82
90
90
88
89
90
90
92
92
95
98
96
98
93
91
93
89
88
87
98
93
93
92
89
90
88
87
87
100
94
92
90
90
89
89
98
94
91
88
88
87
83
82
80
78
79
79
79
80
80
79
76
75
75
74
74
74
72
74
72
69
68
67
67
68
68
68
65
64
63
64
63
61
60
61
61
62
64
63
63
62
63
62
61
63
63
64
64
63
64
63
64
63
61
60
60
59
58
57
58
57
59
59
59
59
60
59
60
61
60
60
59
60
59
58
58
59
60
60
58
61
59
57
58
56
56
56
56
55
55
55
57
56
57
57
56
55
55
54
54
55
56
56
57
58
58
59
60
60
62
61
60
59
59
60
60
61
62
62
62
60
61
60
58
59
57
57
57
58
58
57
57
56
58
56
56
55
56
56
59
59
58
58
58
58
57
58
57
58
57
58
58
60
60
58
60
60
60
60
59
60
59
59
58
57
57
58
57
57
57
56
57
57
58
58
57
57
57
55
56
57
57
57
59
59
58
59
59
59
58
58
58
61
59
60
58
57
57
56
57
57
56
55
55
55
56
55
54
54
54
54
54
54
55
56
55
55
54
54
56
56
55
55
55
54
56
56
55
55
55
54
54
54
53
54
54
54
54
54
54
54
55
55
54
54
54
53
53
54
54
53
53
53
53
53
52
54
54
55
54
54
54
54
54
54
54
54
54
55
54
54
53
54
54
53
53
53
55
59
59
57
56
55
55
55
56
55
56
57
58
57
57
56
55
56
57
61
60
59
59
59
62
63
61
60
68
72
71
67
65
67
67
65
63
62
61
60
61
59
59
57
59
59
65
64
62
61
60
60
71
68
67
65
63
62
63
71
73
71
70
67
66
64
64
63
62
62
63
61
61
59
58
58
58
57
56
55
55
55
56
56
57
56
55
55
54
55
57
57
56
55
54
55
55
54
56
56
55
55
56
56
56
55
56
57
58
61
58
60
61
61
61
61
62
61
59
58
58
58
58
59
58
58
59
58
57
57
58
58
57
56
57
58
59
59
59
59
58
60
60
60
58
58
57
58
59
58
57
56
56
56
56
57
57
56
56
56
55
57
60
59
58
57
57
56
56
58
57
57
59
58
57
56
56
56
58
57
57
57
56
56
55
56
56
55
56
55
55
54
56
56
55
55
55
55
56
56
55
55
54
54
54
56
55
54
55
55
55
56
55
55
54
54
55
55
56
55
54
